N <- 491
S <- 100
L <- 0.00223080536726756
M <- 13.9784995091979
y <- 
c(0.307698322649293, 0.542661721657182, 0.856925427891378,
0.931138300448276, 3.19989774121304, 3.95679181835858, 6.16615761372812,
6.19053474572663, 6.30515671346841, 7.56023152197412, 9.64552739015568,
9.71231176882113, 11.9358921766427, 1.630101531716, 1.75331151397799,
1.8793364812905, 2.28284862113141, 0.287215341459907, 0.656293044731524,
0.662606791506458, 0.824777949974575, 0.849062969679687, 0.926643756478797,
0.98685948834467, 0.270251656933138, 0.361098878704468, 0.74575603828512,
0.851852119201353, 1.14059138916173, 1.3489583488581, 1.36760707460379,
0.2633960172258, 0.388985175893486, 0.518012420865745, 0.558613787433023,
0.591112791569309, 0.910241061493444, 1.45265140730283, 1.64231645448937,
1.80392733346745, 1.38646603419052, 1.6764889580454, 2.33660666835681,
0.653773756008707, 0.770469660904326, 0.872716215281836, 0.884450438552439,
0.988353045564726, 1.06589663265501, 2.42003133808507, 3.94177743128495,
6.05168193309876, 7.48795505323099, 9.55656119302884, 10.4206671364674,
12.4723947746782, 13.748712530412, 1.89905171601934, 2.17726789283697,
3.44794000371046, 3.50239546849312, 1.71458556820409, 1.9723322081334,
2.29592487066173, 2.34730014571688, 0.25041077604934, 0.266617916048537,
0.534564166135141, 0.63252042765004, 0.682869083229434, 0.723190564844866,
1.59220635537385, 4.80421262389318, 5.09038425662649, 5.42748602387213,
8.04670554931309, 0.0783305859920588, 0.110771688188367, 0.195886307446797,
0.235999722041208, 0.24804285095647, 3.90283491951814, 11.5519938280488,
12.5794812083242, 0.271638998969724, 0.304713784175523, 0.310156830378745,
0.48351062182784, 0.522752614131369, 0.966870337966343, 1.77365312697183,
10.513717257206, 13.6940141944356, 15.6256827314163, 15.6561509258735,
1.43213145252301, 1.56369115168618, 0.10374184750296, 0.195172895882726,
0.340817757238095, 0.377988248332711, 0.387680298243338, 0.593919637489599,
0.664882717414842, 3.40337639490537, 4.02241617108176, 4.25825555667114,
6.5268039387322, 9.86440365524419, 0.0413030374756315, 0.14083005236152,
0.155555714881854, 3.22229010567802, 4.10900949688775, 4.11501045499705,
4.77178643501199, 5.75389717837289, 6.57535169776638, 0.626627112475601,
2.4293201997968, 2.8081750425813, 3.07840181203817, 3.86122861765734,
3.9425201078045, 4.2392764261975, 4.73779556159351, 5.28708107322011,
5.5970500626909, 1.33316630718358, 1.61161958464375, 1.74792109996673,
1.98173858296975, 2.26569748161498, 0.760198411115288, 1.79141178009888,
2.10160986175345, 3.49441264521961, 3.84039452848174, 3.90752143957358,
4.27926616350795, 0.0904891390707021, 0.223358153193453, 0.247212359474755,
0.259191647710558, 0.105187077546673, 0.110032955175598, 0.157372889534171,
0.157495071748858, 0.186780276791327, 0.67259931850416, 1.37254428880155,
1.57883987419209, 1.73079437750517, 1.8350012834534, 1.91790628495291,
2.15289161286086, 0.204916518010622, 0.352046661184862, 0.428410202228516,
0.494866232346441, 0.207525154215541, 0.441651899142062, 0.485855408584923,
0.514718697220028, 0.525460059989869, 0.567253645769218, 0.618891646478334,
0.623480196285952, 0.631739249718293, 0.671083593926433, 0.0916702988767869,
0.120835654841807, 0.215655200675761, 0.272296244491675, 0.337434082927843,
0.341974125770008, 0.366673729743222, 0.438278613722602, 1.27952481774113,
1.30500743024095, 1.85534237444081, 2.17710637305179, 8.49750842527056,
12.6800297139571, 13.4302587230221, 13.6755071181544, 0.284514882814406,
0.40379242562688, 0.862228440561553, 1.05494426030401, 0.0177799786321623,
0.0248624477867386, 0.0306309749825893, 0.0417316115986329, 0.0504295881045702,
0.12201295792217, 0.307344562145743, 0.453928042162847, 0.636770694068666,
0.141800635548529, 0.182559877335337, 0.205829539115064, 0.215544840796821,
0.227333483247673, 0.235262274466594, 1.05685957858158, 1.45852959612166,
2.03611224911616, 2.17318699086304, 2.42921573712099, 2.57040438224475,
0.571531177680166, 0.836152449292512, 0.843823436841043, 2.34172447475989,
2.76760889444655, 3.77693225646647, 4.47578317769196, 5.65630036833345,
1.21184602831049, 1.27156049136079, 1.31882397092508, 1.44348390722449,
1.49203774304234, 1.47629108178692, 1.78236270776007, 2.21715014137863,
2.36080799740875, 2.39861112693516, 2.26256785852101, 3.16469704237988,
5.6516710904269, 6.89908357665227, 7.08534514450195, 0.568704662727288,
1.78600802002673, 0.0221814896221287, 0.0556692893891329, 0.077956090051601,
0.468299579877038, 0.701371729065855, 0.861273279516069, 1.32993842389685,
1.62019036339287, 1.71177565184434, 2.05500325714781, 4.17278426126601,
4.77797231116865, 5.37718513776484, 0.234621247162604, 0.330704156711309,
0.360672711304527, 0.433905652612305, 0.395464376631154, 0.831065312559383,
2.14435070391653, 2.17960180889663, 2.94612770061826, 2.96498913228779,
3.22919918910489, 3.54629248064855, 3.74071448603996, 4.25488101621825,
4.27769275085133, 4.40085048843673, 0.894697189181812, 2.13022959143499,
3.93465410388081, 5.35180107720487, 6.19204344111573, 0.541136306600924,
1.08529957391089, 1.21850653120659, 0.00835546985251109, 0.0176417283998432,
0.107430342344257, 0.127381621578008, 0.132904487725007, 0.249130526282783,
0.272959385714823, 0.352857047140744, 0.3611812867521, 0.364317522174479,
0.372838830303915, 0.386249208309508, 0.149813650708782, 0.452546793190519,
0.550481309399569, 0.644926449307351, 0.664433808827468, 0.696107387818121,
0.806370039909554, 0.83766941208239, 0.0491976554790745, 0.0587812698350537,
0.624293328046381, 0.859811188713416, 1.28465417156098, 1.45147463428994,
1.52294768384514, 0.00223080536726756, 0.00585802427254889, 0.00589526701820842,
0.636477668593563, 0.776024060798859, 1.86551363487451, 2.20857965273406,
2.42303707491312, 2.46996298452504, 3.11947363308239, 3.1535503043358,
3.48122174035179, 0.657638175298592, 1.29029593627362, 3.52138614021169,
3.97385880039389, 6.77689209338195, 0.0771761935540864, 0.0864377021410189,
0.100662020663065, 0.113699536086173, 0.12273578483107, 6.91325352783555,
9.4864312821138, 1.73628114854801, 2.00989002823822, 2.34167457787526,
2.61380011240667, 0.834809836665819, 1.33841194078958, 0.0092470711166932,
0.020497175823153, 0.033851258120609, 0.043847882041745, 0.0583711578755724,
0.0602871144919349, 0.0679493796234665, 0.208995393726515, 0.229253330381628,
0.246074505249149, 0.281587241315763, 0.289166386915078, 0.294341007962833,
0.351857460844686, 0.456660654769058, 0.79446641804584, 0.893694121139746,
1.55405634643914, 1.56013640458964, 1.75635854633812, 2.3404153372116,
22.4254641853687, 24.7077652849333, 0.316931987525617, 1.31665848343578,
1.32074825829802, 1.32673542524245, 3.62351061443202, 5.67615850126662,
5.84056315019828, 6.9993839176544, 7.47737410273882, 7.58497259217727,
7.84324737865401, 0.0441324951857302, 0.059948129066605, 0.0776272845344888,
0.127602161777523, 0.132875608360229, 2.11019568828013, 4.86788759451965,
5.86585551812472, 6.30154043302327, 0.304909663126813, 1.45849471758434,
1.50436912324204, 1.70696715861601, 1.96003255667067, 2.07267938206671,
1.74901278035246, 4.84050805877994, 2.61899523028357, 6.67377941402716,
8.15477315858449, 8.92036370493565, 0.384426921369943, 0.45884616243876,
0.480219643527042, 0.571965256905204, 0.618050190633942, 3.61010409915758,
3.66275679772173, 4.81645296901159, 6.45507632798666, 7.93059382033632,
8.90381140400521, 4.84340597278986, 7.29479653124906, 7.31351092762523,
7.53631285100039, 7.6369935321411, 11.7515044902854, 13.3359489873264,
13.9921024387736, 14.2071052316894, 14.7827836123807, 0.0401826776061651,
0.263133362063462, 0.320149532890677, 0.37055770155192, 0.370628325469334,
0.414885485062933, 0.44818576514665, 5.52080553923434, 6.19730732458123,
6.90732827019762, 6.95915401011405, 7.04932888037482, 7.45001098982021,
0.851661823840522, 1.41609774625497, 1.67160560782192, 1.87034869385848,
0.370893752392763, 0.39656225776962, 0.415703035865068, 0.510342479050937,
