N <- 394
S <- 90
M <- 15.0034955749511
y <- 
c(6.91331637270309e-07, 1.29105766255577e-06, 2.26190928742653e-06,
3.25663855704761e-06, 3.86936250684755e-06, 2.85409948044218, 3.58003006824082,
4.02492300663002, 4.57226713201044, 5.37732623851987, 0.00133158934422895,
0.0310141637964065, 0.0622590745952252, 0.0634253097851847, 1.2572887174946,
3.84954285219107, 2.69359369194603, 2.83377696212918, 4.14825007390013,
6.26221945524562, 6.83284331686554, 7.21406228308695, 0.368187940065921,
0.544684650176409, 0.0143953124371174, 0.0300862271319771, 0.051097688329083,
0.0791882282962151, 0.0011204896930721, 0.00413765017145451, 0.0183388833305749,
0.0208912993092056, 0.0229751233997071, 0.0357358015450622, 7.17689311530299,
9.37612772547061, 9.52729474962406, 2.20591920133563, 2.95994875341849,
7.59959292023523, 0.00374210108781359, 0.0562249689254539, 0.0976369618195916,
0.195852763931438, 0.910840824767121, 1.10865011778387, 1.89775756199944,
2.16312293503834, 3.53652834241161, 0.151314426765868, 0.289908547123893,
0.317869499137476, 0.481251281661908, 0.524381109942169, 0.818682913838035,
0.86568909821208, 0.944296162975405, 0.0337262261959665, 0.0668242762357423,
0.0718378799315573, 0.160695098028004, 0.654335719264828, 1.15438105004898,
1.2059175562198, 0.0335108917539841, 0.0599527326633975, 0.0949981565179954,
0.0952208356976243, 0.15292026402544, 0.491745766305208, 1.01404992566837,
1.4962700107887, 1.31834918159511, 2.29547714899745, 2.48169036359919,
4.29491023743142, 4.43966620064563, 4.67766482901383, 0.114618215310124,
0.252214361869452, 0.818830868634599, 0.896583189337637, 0.0178025907064203,
0.0988042217562501, 0.14486370950338, 0.79412864011265, 0.958761438885105,
0.0085509046180694, 0.025347256723729, 0.083867519778579, 0.591010595358757,
2.5742624475242, 3.44108629384958, 0.0120770317459122, 0.0746188656643323,
0.113974069014414, 0.29790970303284, 0.41574672215966, 0.471204897587906,
0.586519749348856, 0.218519415321945, 1.47703488250879, 1.59362651155419,
3.81979028134871, 4.81126798049941, 1.38221376170347, 1.45773201175773,
2.3607146918586, 0.586589539084405, 0.718508247115161, 0.796452238474033,
0.00539016222442612, 0.0139630013710956, 0.0195727785873423, 0.0237859545031931,
0.0244854002003834, 0.0277621972072559, 1.10960425157794, 1.76384211012864,
2.80151122531792, 5.92484149022784, 0.54954088977285, 0.653372270970518,
0.0642594251674664, 0.132817172796363, 0.166632104045862, 0.245702853874907,
0.280551914250893, 0.322730810762797, 0.180530025918721, 2.13054829464323,
2.57021253523249, 3.42297743595973, 3.46029477764109, 0.300976702893802,
0.893149347774344, 1.07705189363422, 0.514735775616366, 1.03818182522419,
3.01280727885755, 3.18716436813642, 0.413120680436089, 0.433629671479904,
0.450531786604914, 0.454325779770155, 0.758429791159269, 0.830973833988097,
0.0235629537966435, 0.429425045262166, 0.779772100283822, 0.880646126793103,
1.08345803039217, 1.10985477613407, 1.12132180865943, 1.18767762062834,
1.47482481640849, 1.89443500759863, 1.94948805298722, 2.67999134282457,
5.6782569243253, 10.9354581436932, 14.644500694062, 16.5287550578452,
0.030438581884237, 0.100485230196547, 0.119210400535682, 0.141435409261028,
0.158425708733954, 0.521051953879081, 0.0566533503104569, 0.0694475414353715,
0.502020919242478, 0.517846802204024, 0.81921311773771, 0.894933573456932,
0.0172136553417128, 0.0622546786037423, 0.062637358543431, 0.089920282329917,
0.0915740897287449, 0.139922556189669, 0.269740143597418, 0.323658168064062,
0.528462713793342, 0.911281329292797, 1.08119508296975, 1.97451308657237,
2.78624295583161, 3.29164013378492, 3.65420666200983, 0.0532233598055214,
0.655157895793224, 0.661218770566116, 0.670031003377197, 0.883810049988597,
0.920634772186531, 1.06194784807327, 1.4731918480821, 1.62426096551996,
0.786934297957842, 2.05533569115006, 2.24964078792296, 2.28734969458849,
2.6183737365689, 2.63978790453504, 2.84561120417779, 2.99099019020819,
3.18716096368352, 4.04234918992695, 0.110602244365289, 0.224861776213256,
0.23305567750943, 0.272911106152424, 0.290069957525464, 0.0446673313467993,
0.0592022241882537, 0.491340637344804, 1.01214430368997, 2.10041573114698,
2.1844316740358, 2.88040156741801, 0.00821859976424921, 0.296133194379785,
0.619515016195528, 0.727075530921063, 1.34996401531189, 2.01434116446034,
0.517967659307256, 1.41202693192331, 1.86208741375152, 2.06848461080836,
0.471584384761886, 0.532904078121021, 0.791484452026616, 1.54670324446584,
0.206730960251678, 0.990951737022183, 0.745934513432264, 1.13989602963435,
2.00201739158809, 2.02021829429159, 2.27843183303902, 2.36147252267529,
3.05832874770702, 4.22063452870814, 5.14323133637606, 0.0910001674279286,
0.359259481248017, 0.641783042356515, 0.199995897513077, 0.429984154511146,
1.0721458299984, 1.36194131485349, 1.57048989858215, 2.05060523126532,
2.19372239255078, 2.73049089991809, 3.14879373949467, 2.93305138596651,
5.81359596098612, 5.93537414636601, 8.1327776889396, 0.048249949655041,
0.269293325063519, 0.941576930297913, 2.1038245282182, 2.10737581990279,
2.49265342291679, 2.80175575500001, 3.58368556244226, 0.108592602344789,
0.299606381613881, 0.762899816078047, 1.0641953988383, 1.27091443141944,
1.56649412711665, 1.68221854447601, 1.81083203352217, 1.95870933713704,
0.0181787391228685, 0.0563114584108924, 0.0823566270562406, 0.104212328424213,
0.1345067611392, 0.00378084238849397, 0.0163679272771766, 0.0587360580031202,
0.150103249723021, 0.106668188849948, 0.240946874794542, 0.257932492450337,
0.306139815566404, 0.561123212671074, 0.711172035236743, 1.21878973317295,
1.69903675706906, 1.70351294680408, 1.81636766918458, 2.24347792183294,
3.90973863098162, 0.522527441629915, 2.60776235721083, 0.0148269527357172,
0.0181085971240762, 0.0395417120390675, 0.0581909751761565, 0.283448774201688,
0.287330095575559, 0.393657533634812, 0.475211174863801, 0.599226827676489,
0.028382067344296, 0.153932623757992, 0.146798485836666, 1.7528967875693,
2.35062137171332, 4.3944756678999, 5.27851140221419, 0.0852713836661216,
0.19141949091733, 0.43529947966379, 0.643381812615576, 0.0929171713036965,
0.170333071731669, 0.198652268296524, 0.266189072983071, 0.374226278323707,
4.93188297108235, 8.19313813050237, 16.3987188039345, 17.9469441986099,
18.6823817186276, 0.0150460198194935, 0.903208404125992, 4.00423797911796,
5.07830664842527, 6.82465237407921, 7.88974008888752, 0.0397944583090251,
0.213376205618744, 0.53213601171543, 0.941467713402243, 1.20815073631291,
1.47266365693588, 1.90327078906459, 2.44180512981806, 2.59018584517568,
2.73772301374202, 2.78799887045715, 12.2187236744479, 16.4195601123665,
0.0362788434246504, 0.273668333585537, 2.77538260500474, 3.38642569984223,
0.448805245326451, 2.31705251388709, 4.71639036306547, 0.0491104858165576,
0.145252458701786, 0.200303049573989, 0.583419711738493, 0.945606127397498,
1.19078020877939, 1.53131497368177, 2.70612471042825, 0.39761179822861,
0.462973354901496, 0.917794742965249, 1.11070825271489, 1.56452021008418,
0.0300560791809694, 0.111938156209192, 0.249816660171888, 2.56088762244022,
4.03843531263054, 4.26390231398877, 0.233988556493493, 0.248683666601124,
0.266999165584984, 0.367767697075294, 0.560854261748581, 0.579878008232754,
0.587742146922437, 0.726399719521325, 0.789423025383819, 0.876012526831556,
1.08808570936823, 1.5238657361172, 2.06677596721222, 2.13001594702417,
2.77465923485291, 2.92538180983919, 3.0116429342145)
