N <- 404
S <- 91
M <- 15.0034955749511
y <- 
c(0.0949275037000121, 0.43866904810203, 0.812361077193394,
0.853402546812787, 0.203871667326401, 0.823471306241354, 0.94276131300696,
0.991008709685415, 1.25962872509047, 1.7855410262075, 2.25991049080817,
0.151587299891858, 0.294253948665995, 0.399789316066525, 0.991794116895399,
1.78674899817225, 1.99112413661331, 0.154177653894375, 0.405052772659355,
0.494505706185875, 0.517875565608848, 0.692848298014813, 0.0610536917197634,
0.40391899504131, 0.465978638800131, 0.000336195484231314, 0.00039841042028516,
0.00100464453458543, 0.00125102643528571, 5.62954821678003, 29.543966729917,
0.0486041651026523, 0.154400802391368, 0.416616621127122, 0.888006384233827,
1.24982286306891, 1.36540147903583, 0.501070086109348, 0.607410286046,
0.702534584303084, 0.876084319832235, 1.03884548913691, 4.68512827500146,
4.81194268351439, 7.74358498509991, 8.22167465909093, 0.643960165908676,
0.749082155411286, 1.32499769852038, 2.09071479344478, 2.1742428506227,
1.40421438944435, 1.4792809909943, 2.12240886917442, 2.2152380674971,
2.45388072636477, 2.46369682250042, 2.51359104039658, 3.58857222366097,
4.09514460288038, 0.642172557001135, 1.20998275922566, 0.0563625533757227,
0.063697025080387, 0.290933467324189, 0.412606397708239, 0.414974267216871,
0.481720154223555, 0.250078203428011, 0.4475689760781, 0.477090333194784,
0.692241000105575, 0.0595861167856243, 0.315889730670741, 0.436306065185579,
0.545368344257708, 0.871605502640736, 0.940098466168668, 0.950571749760655,
3.40427644417408, 4.23292419504123, 4.2422551137982, 6.7421853353801,
8.67095470649951, 0.0708123372774528, 0.256884994609462, 0.52064652239059,
0.677003899688373, 0.682262697327738, 0.851590529625671, 6.58381434092581,
7.18093637658536, 7.2266679874994, 7.89160797061396, 0.0280413091124315,
0.0420798397244628, 3.49817983809357, 6.27430633323951, 6.95701477871068,
0.0289430686404674, 0.0327713422905381, 0.0587617992333071, 0.0642892176340816,
0.0728209572216757, 0.0842931763754232, 0.0931966098978708, 0.931511818458981,
3.83911083212578, 11.7472489514808, 12.0835464996494, 11.2302216945735,
14.9072944649646, 19.5274983038605, 0.382953097381783, 3.12803035465293,
5.25633626759846, 0.259445235611903, 0.812849845270791, 0.841295362906265,
1.21644495433231, 1.7637362075184, 1.93976895108979, 2.09740798873068,
2.62571427300248, 0.0180556216525083, 0.0269048671981933, 0.0270741782416574,
0.0550372082959199, 0.147760792575381, 0.190238004101528, 0.532201104715915,
0.508727732481605, 0.842144854897015, 1.40207249594235, 1.78968967362006,
0.00535096378517622, 0.0357530334017719, 0.0559181696482784, 0.0703347152313351,
0.114860565267788, 1.74716067671151, 2.61182450605935, 2.91293295570067,
3.02191235115045, 0.290816306121408, 0.4474360473452, 0.564942502348716,
0.601973474448695, 0.811292455389768, 0.0645476785448221, 0.0984243651323731,
0.446441658035887, 1.53425305031987, 3.59003748881969, 3.68390462619645,
4.7321800695351, 4.93201469544181, 5.79617610725426, 6.57143957611498,
14.7310522224065, 0.758733282607617, 6.23387183206796, 7.43686852581503,
0.00916313018016682, 0.0832748389721458, 0.093186572057845, 0.108864543412231,
0.138606850323117, 0.091772816881776, 0.326306000279686, 0.597053552923531,
1.10148975469345, 1.47512858218533, 0.367802618632918, 0.755308687889147,
0.939799873196841, 0.00109149816840439, 0.0038245696627929, 0.0038274149731299,
0.00403765978400281, 0.00945752107071192, 0.346123993257115, 0.546261056934383,
0.687990686293581, 6.70167095504473, 0.912424316520984, 2.7287654112122,
4.4776485859863, 4.66672697084438, 5.42992360543206, 0.000317879436520424,
0.347848506426377, 0.730851547177079, 0.737575852759394, 0.789423730359808,
1.17388395701791, 2.22296187754221, 2.28247625143419, 5.35073789424068,
8.63965878123951, 0.0436290370173332, 0.101529293686078, 0.104349265970032,
0.32498757838426, 0.491408278095753, 0.613371861362561, 1.5844073353306,
1.66342579023586, 1.88824324211419, 0.41090824753931, 0.543236398251805,
1.56369274063981, 1.88677250126378, 0.666569087445992, 0.903171725830256,
1.52863285092973, 2.16376600091561, 0.21146896949023, 1.35093397418842,
4.13557877759886, 5.39452467503837, 6.18328357322892, 1.12541010115599,
4.15074603944143, 6.17379810923289, 9.27905036951845, 0.823099726007189,
1.15748376084321, 2.45139086224075, 2.59405346645776, 2.96995607674362,
3.19587610219697, 3.54975504662164, 0.0488529409238395, 0.124486162867888,
0.295586046420521, 0.486407336673109, 6.94697565284218, 7.80164094858493,
9.0626732484378, 11.4376188204816, 0.925771008742399, 1.93521830942573,
0.289735793126616, 0.359083180156909, 1.84728909348419, 1.8711763989894,
2.25888717888353, 2.50138734929091, 0.277672968074678, 0.361278213369973,
0.82112747108328, 1.14668619701327, 0.361219430390225, 0.511609125244707,
1.42115529224515, 1.80333678289288, 0.00557149276843224, 0.00675737226381375,
0.00940392213370611, 0.00970928485748851, 0.0161994422386502,
0.0188241485269048, 0.0263060441375335, 0.0269531468732887, 0.346846341677661,
0.67306474361556, 0.760023944385661, 1.1560368188864, 1.60719753263184,
2.04622636439525, 2.50485698260877, 3.09840624299638, 2.97047684274164,
18.83366657588, 0.0817180463749663, 0.176918161753716, 0.457666863023569,
0.748942634052336, 0.816019650074155, 0.177464437616997, 0.182491568426191,
0.19954376225992, 0.277549982913425, 0.410282016264928, 2.62774507727041,
4.85031549423298, 0.289227575277321, 0.315480393391505, 0.41636161637456,
0.44956640948853, 0.0518837574523139, 0.159059535494017, 0.648358298305708,
1.51411382895637, 7.98677068207577, 8.16257320020958, 0.0422150058287672,
0.158219028476224, 0.206940190471441, 0.0290316718988414, 0.0414384923187049,
0.0852018536993277, 0.137386413933217, 0.13991751441438, 0.190048216147633,
0.022589529578512, 0.0306891276836248, 0.0340766510208742, 0.0548657724045258,
0.0718617484239194, 0.0295932153534698, 0.035051440811286, 0.110593597372681,
0.175004418495441, 0.287799500400396, 0.197560704252759, 1.76405768385664,
2.43591615088629, 3.31605106633805, 3.3310612946186, 3.68885578669934,
3.83450934527098, 4.16845741261821, 4.97931562936711, 0.146827101763678,
0.156978232176033, 0.163393687131345, 0.247439854620714, 0.0503489710631214,
0.0736623810138191, 0.300746547770114, 0.37401004479774, 0.49814075614396,
0.793264904104412, 0.143085065293545, 0.66349702738358, 1.30795976521899,
3.90079123746243, 0.339551192512847, 1.42310450919053, 1.85390535164764,
3.17020094548655, 1.27518577813557, 1.96725775291842, 0.335111582560829,
4.84762057438306, 5.76404906835375, 5.93515252095472, 11.44908757964,
1.71908920334998, 2.08343981519163, 2.6429807189869, 2.99759337842386,
3.29231080971124, 3.44141492880606, 3.84293671500102, 0.256549181533878,
0.292197762657498, 0.372635886888577, 0.444134088969072, 0.766154188424751,
1.00318623565858, 2.62875703185588, 2.8660810874459, 3.87693028098525,
0.121421677735942, 0.244468769138419, 0.3641204705272, 0.109432527030055,
0.339995912103994, 0.392918675289776, 0.409163676722448, 1.47887203431081,
1.75086920358097, 11.4332731624191, 13.1612803403267, 0.0886941176516941,
0.233508210690901, 0.402706700920321, 0.405121471726047, 0.603267655803416,
0.0293856011937561, 0.110237912494833, 0.169685533443527, 0.307364742461192,
0.335753747663109, 0.187124020876917, 0.376309861522661, 0.445183673205212,
0.476213185750448, 0.49577919356185, 0.082641653189178, 0.262463567144821,
2.32139161796541, 4.35984374322428, 5.50932211989468, 5.76978102084427,
8.08737354454932, 0.0448090595896722, 0.0866088682508984, 0.236168276163711,
0.292809631775591, 0.298224294444192)
