N <- 500
S <- 98
M <- 20.8409337524149
y <- 
c(20.5351358830445, 20.7096560003792, 21.0313558320111, 21.0838915632673,
21.3429213218783, 21.3674857127018, 21.747405638234, 28.0950120849497,
28.2263400472354, 28.2265992117754, 28.2288061173608, 28.262688897025,
28.2894144213198, 28.3605145473567, 28.4915352004973, 28.5323117557783,
28.5453021428358, 28.5830931659842, 28.6418976682549, 28.650519602251,
28.7178723856542, 30.2611947482728, 30.4564823345086, 31.4004765367049,
6.18949807835485, 8.52909055988311, 8.85422602422837, 9.50941544723827,
11.0910560989586, 12.3420486061037, 12.4665533420382, 12.8637820333733,
13.2176956323943, 13.2872116910453, 13.6553459794824, 14.0870439277287,
15.0202026632935, 15.7466442518347, 24.3528045567118, 24.9543154009835,
25.5209606719795, 25.7537589163604, 27.0086338257545, 3.22168920735082,
4.24857274398343, 4.88275140341027, 5.27142364453976, 9.22276416189468,
10.1677677596194, 10.9442359012707, 11.0258749940991, 11.2834108465319,
23.2849962974062, 23.2866938266758, 23.3536406142617, 23.5077882713215,
23.5384888680856, 15.2909103846574, 15.4454226705727, 15.6150480430384,
16.0454534630997, 16.3621355591165, 12.0327724712174, 12.210087987814,
12.2121493548411, 13.0869994056398, 13.1249737867758, 13.2496157576818,
13.9322595354684, 14.4969231494417, 17.2420197693569, 17.5097541494968,
17.690356258974, 18.1966764569319, 26.3903591280197, 26.4699346656992,
26.5008242631958, 26.5127666752328, 26.7557199570148, 27.160149626116,
27.5594285316728, 28.0725617104817, 28.0943750647602, 9.4151611846338,
10.672828382198, 11.5346403023163, 13.4123042425317, 13.6411143272415,
3.98204810080997, 4.00850425561086, 4.8584084248747, 5.80141520996812,
5.97794538945548, 6.58801224031104, 10.1981654155447, 11.7019466720429,
22.6348322461453, 23.2374506800409, 9.22460043305354, 9.77414541573983,
9.7845542195616, 10.0507537849473, 10.562845419258, 20.3665591924822,
20.5424793711534, 21.0846811573936, 21.2035703719187, 21.2166044926062,
21.2572327987073, 11.6409445078079, 11.737570594758, 12.0201947505178,
12.5703144266671, 1.8084187390704, 2.14418124997742, 2.1615165682822,
2.19885716620908, 2.21802581141811, 2.27162911690914, 2.32202893245034,
2.33528341363791, 18.4998032081632, 18.7128615590545, 19.2724544696663,
19.7355043549542, 25.957380573635, 26.2712920481658, 26.2924064100853,
26.9660484279446, 17.7155678909358, 19.9270797336426, 28.429027737966,
28.7544546978766, 21.8461101548935, 22.218564392475, 22.5706808650486,
23.2623602540644, 20.0092261553731, 21.0265367189315, 22.1501592275601,
7.3607585081339, 8.13585666576081, 8.30880931586743, 8.3949198829964,
8.70368250288283, 24.9296418444042, 24.9368030898372, 15.2960471481231,
15.5266934437115, 15.9167137027252, 16.5233335723048, 18.382630769231,
19.2759841248332, 21.8098033593107, 21.9857942883768, 22.1482436208764,
23.9197117885953, 12.1549946034847, 12.5961742876247, 26.0016678370951,
27.2350729598196, 28.1562155017376, 30.5767279742654, 30.8787109883417,
9.32038481932621, 9.35004154373062, 23.6216651263371, 24.1807210187212,
25.1690831598436, 28.6051664271656, 20.1707215946502, 21.150925579568,
24.4279383494418, 25.1407146301818, 5.19845267360525, 5.81567757472345,
6.67161729649895, 6.92956698017218, 29.7447240517544, 29.9410358355479,
30.0578189137431, 30.4577064559279, 31.2202117064945, 31.8898265581014,
32.2397887537419, 3.04188302790548, 3.06031626009716, 3.12976018222638,
3.22237135035105, 4.66982652938583, 24.0011199224022, 24.317228427135,
25.1135377781568, 26.047413417815, 3.60886775869459, 4.02729979419335,
4.63117690339467, 5.07301014535609, 5.83561337541753, 6.38297500000186,
9.49577291517813, 10.9930049785827, 11.8439065877169, 12.2017087562708,
13.0010310543408, 13.2348065172788, 17.2094469174716, 18.3293225578149,
18.6472045375767, 8.68735285672845, 8.72884087771648, 10.3091212511838,
19.9627759928685, 20.2937049683701, 20.3200589434491, 20.994052560205,
21.0071292624878, 21.1563231387604, 8.57790633107067, 8.99784581947289,
9.17024665238923, 9.21331229880605, 9.35066557742658, 9.38523549601806,
9.94549858619805, 20.7446735118618, 20.9175991098942, 22.4501131814847,
24.2796345996793, 5.52099390649924, 5.62543387380294, 5.79902798233111,
5.86074371988322, 6.02783159892679, 6.25004233009484, 6.61290740774431,
6.80826041972818, 29.0677116112848, 29.7179372931521, 30.1066931535868,
31.1241100586855, 15.8167004911772, 16.2205018761428, 18.57562707687,
19.160169603731, 19.6324544603561, 19.920138087796, 11.6682150906565,
11.6766650174747, 11.6813424292096, 11.7033354288221, 11.7179183030862,
11.7363567175057, 11.751031340417, 11.7533532104102, 11.7557553463733,
11.7590807943816, 18.2348168518663, 20.4069023140673, 21.1444601942014,
21.599269808116, 25.9850002496235, 26.0010482574521, 26.0255747318396,
26.4737934254181, 26.6712110011517, 25.080843186739, 25.7221427789246,
26.7097918048344, 27.1621913600814, 27.5538855997094, 27.9344441437658,
7.47020670820272, 7.73727907068085, 7.82579341264304, 7.97543986323035,
8.26086667511433, 10.1769101843044, 10.9265616248107, 13.7704306886932,
14.1463269540283, 19.6858989965117, 20.2014028919073, 20.3825973295621,
20.9347055874806, 21.5582493790635, 21.8884221272079, 2.45575656116094,
3.0595037038819, 3.38208708802628, 4.30155562051261, 4.4700842312507,
29.2858661516421, 29.604050107814, 29.8044369960205, 5.96618255272339,
6.0266703047577, 6.44692951495857, 6.46572287170371, 6.53766879684171,
7.42879412193333, 7.55094442623323, 7.84592364046606, 8.56300227591082,
8.58220256810186, 9.2713225733499, 9.66014853937481, 9.87611793908339,
10.2340229000885, 13.1525698593927, 13.2935625666594, 13.3068599555061,
20.771064374652, 21.7966707832942, 21.964736716647, 22.8004781717004,
23.8144446168547, 19.6505807652918, 20.5175622612144, 21.5277751862389,
22.1288906255391, 22.8267824503554, 28.9869883095682, 29.4328898489153,
29.9655164196561, 22.0818316612913, 22.2085030360873, 7.71045226437854,
7.72807344290996, 8.00896318604194, 8.10075867765308, 8.61732463231331,
8.94047710594126, 9.30624402516256, 10.1010583493356, 22.0186088942092,
23.0445072257762, 30.0529006696442, 30.5181483600057, 31.9615701717449,
32.141623667343, 32.2025402892376, 26.1804155828967, 26.2042880658707,
26.7052437490242, 28.7900108570165, 28.8694998839398, 29.18947805223,
11.3475953729033, 12.1101794105865, 0.676294460268194, 0.874558427024936,
1.26814634904568, 17.2690626254569, 17.9032023480174, 18.0455999218234,
19.5723602609827, 21.4535507534428, 30.5973894810743, 30.8105723023365,
30.8991614104529, 23.6660268267918, 24.1242315491322, 24.3395732429637,
24.5180325073484, 4.18585726192682, 4.31577003622967, 4.3280244280514,
5.10785456990546, 5.19151230938191, 5.46398350986129, 6.12938819603234,
21.0355141094901, 21.4051994760345, 21.5346552812431, 21.6769001512579,
22.4376598945313, 29.2992349650211, 30.8237286412503, 32.1743142493882,
23.4654371308813, 23.8065840970085, 20.8897700460612, 24.7796286328094,
26.9762918239267, 12.7382263207081, 13.0867050266279, 13.0930773592275,
14.0520671140523, 14.5575147319199, 0.507419059541546, 0.531329813589651,
0.6256412507209, 0.703343995962019, 0.885270244750703, 15.4406477992182,
15.8923362390305, 16.1487453482909, 17.1602568810742, 13.6699287985373,
13.743269421552, 13.8746752247399, 16.2734766694557, 17.2521747650768,
17.5734671835813, 30.4173477654865, 31.0084495880491, 31.9811103741424,
24.1210800832059, 24.8251407777512, 25.5189766770067, 25.6171626524856,
25.6565596234792, 26.8021889895963, 27.3692748397298, 27.5199079712776,
27.9692027140674, 4.26188460800899, 5.21283982288341, 6.05414889950027,
6.33307285383927, 6.6165327196288, 0.784522876496455, 1.09805345750111,
2.75278884768697, 3.06111820242194, 3.19105078703525, 3.4131354156575,
11.1554803834052, 11.3134610833982, 14.7833968518556, 24.8126159290914,
24.9594822872607, 25.0914530105785, 25.0924074012944, 25.1121245004829,
11.6633391148013, 13.3885874521903, 13.5417164598289, 14.2432724071904,
12.0197811129629, 12.2548085999963, 12.3118090195476, 12.5217558254058,
